0 1100 1600 -1 -1 -1 -1 2800 -1 -1 -1 -1 -1 -1
1100 0 600 1000 -1 -1 -1 -1 -1 -1 -1 -1 -1 -1
1600 600 0 -1 -1 2000 -1 -1 -1 -1 -1 -1 -1 -1
-1 1000 -1 0 600 -1 -1 -1 -1 -1 2400 -1 -1 -1
-1 -1 -1 600 0 1100 800 -1 -1 -1 -1 -1 -1 -1
-1 -1 2000 -1 1100 0 -1 -1 -1 1200 -1 -1 2000 -1
-1 -1 -1 -1 800 -1 0 700 -1 -1 -1 -1 -1 -1
2800 -1 -1 -1 -1 -1 700 0 700 -1 -1 -1 -1 -1
-1 -1 -1 -1 -1 -1 -1 700 0 900 -1 500 -1 500
-1 -1 -1 -1 -1 1200 -1 -1 900 0 -1 -1 -1 -1
-1 -1 -1 2400 -1 -1 -1 -1 -1 -1 0 800 -1 800
-1 -1 -1 -1 -1 -1 -1 -1 500 -1 800 0 300 -1
-1 -1 -1 -1 -1 2000 -1 -1 -1 -1 -1 300 0 300
-1 -1 -1 -1 -1 -1 -1 -1 500 -1 800 -1 300 0
