0 -1 -1 972 -1 -1 -1 -1 -1 -1 -1 -1 -1 -1 -1 -1 -1 -1 -1 -1 -1 -1 -1 -1 -1
-1 0 -1 -1 -1 -1 361 -1 -1 -1 -1 -1 -1 -1 -1 -1 -1 -1 -1 -1 -1 -1 -1 -1 -1
-1 -1 0 872 -1 -1 -1 -1 -1 -1 -1 -1 -1 -1 -1 -1 -1 -1 -1 -1 -1 -1 -1 199 -1
972 -1 872 0 -1 -1 1161 -1 -1 -1 -1 -1 -1 -1 -1 1201 -1 -1 -1 -1 -1 -1 -1 -1 -1
-1 -1 -1 -1 0 -1 944 -1 -1 -1 -1 -1 -1 -1 -1 -1 -1 -1 -1 -1 -1 -1 -1 -1 -1
-1 -1 -1 -1 -1 0 1425 -1 -1 575 -1 -1 -1 -1 -1 -1 -1 -1 -1 -1 -1 -1 -1 -1 -1
-1 361 -1 1161 944 1425 0 881 -1 -1 -1 -1 -1 -1 -1 -1 -1 -1 -1 -1 -1 -1 -1 -1 -1
-1 -1 -1 -1 -1 -1 881 0 -1 -1 -1 -1 -1 -1 -1 -1 -1 -1 -1 418 -1 -1 -1 -1 -1
-1 -1 -1 -1 -1 -1 -1 -1 0 179 -1 -1 -1 -1 -1 -1 -1 -1 -1 -1 -1 -1 -1 -1 -1
-1 -1 -1 -1 -1 575 -1 -1 179 0 496 -1 581 -1 -1 -1 -1 -1 -1 2807 -1 -1 -1 -1 3861
-1 -1 -1 -1 -1 -1 -1 -1 -1 496 0 89 142 205 62 -1 -1 -1 -1 -1 -1 -1 -1 -1 -1
-1 -1 -1 -1 -1 -1 -1 -1 -1 -1 89 0 -1 -1 -1 -1 -1 -1 -1 -1 -1 -1 -1 -1 -1
-1 -1 -1 -1 -1 -1 -1 -1 -1 581 142 -1 0 -1 -1 -1 -1 -1 -1 -1 -1 -1 -1 -1 -1
-1 -1 -1 -1 -1 -1 -1 -1 -1 -1 205 -1 -1 0 -1 -1 -1 -1 -1 -1 -1 -1 -1 -1 -1
-1 -1 -1 -1 -1 -1 -1 -1 -1 -1 62 -1 -1 -1 0 -1 -1 1092 -1 -1 -1 -1 -1 -1 -1
-1 -1 -1 1201 -1 -1 -1 -1 -1 -1 -1 -1 -1 -1 -1 0 306 -1 -1 -1 -1 -1 -1 129 -1
-1 -1 -1 -1 -1 -1 -1 -1 -1 -1 -1 -1 -1 -1 -1 306 0 -1 -1 -1 -1 -1 -1 -1 -1
-1 -1 -1 -1 -1 -1 -1 -1 -1 -1 -1 -1 -1 -1 1092 -1 -1 0 1127 2795 -1 -1 -1 -1 -1
-1 -1 -1 -1 -1 -1 -1 -1 -1 -1 -1 -1 -1 -1 -1 -1 -1 1127 0 -1 -1 -1 -1 -1 -1
-1 -1 -1 -1 -1 -1 -1 418 -1 2807 -1 -1 -1 -1 -1 -1 -1 2795 -1 0 572 384 -1 -1 -1
-1 -1 -1 -1 -1 -1 -1 -1 -1 -1 -1 -1 -1 -1 -1 -1 -1 -1 -1 572 0 -1 -1 -1 -1
-1 -1 -1 -1 -1 -1 -1 -1 -1 -1 -1 -1 -1 -1 -1 -1 -1 -1 -1 384 -1 0 3313 -1 -1
-1 -1 -1 -1 -1 -1 -1 -1 -1 -1 -1 -1 -1 -1 -1 -1 -1 -1 -1 -1 -1 3313 0 4006 -1
-1 -1 199 -1 -1 -1 -1 -1 -1 -1 -1 -1 -1 -1 -1 129 -1 -1 -1 -1 -1 -1 4006 0 9
-1 -1 -1 -1 -1 -1 -1 -1 -1 3861 -1 -1 -1 -1 -1 -1 -1 -1 -1 -1 -1 -1 -1 9 0
