0	800	-1	-1	-1	1000	-1	-1	-1	-1	-1	-1	-1	-1	-1	-1	-1	-1	-1	-1	-1	-1	-1	-1
800	0	1000	-1	-1	950	-1	-1	-1	-1	-1	-1	-1	-1	-1	-1	-1	-1	-1	-1	-1	-1	-1	-1
-1	1000	0	250	960	-1	1000	-1	-1	-1	-1	-1	-1	-1	-1	-1	-1	-1	-1	-1	-1	-1	-1	-1
-1	-1	250	0	800	-1	850	-1	-1	-1	-1	-1	-1	-1	-1	-1	-1	-1	-1	-1	-1	-1	-1	-1
-1	-1	960	800	0	-1	-1	1200	-1	-1	-1	-1	-1	-1	-1	-1	-1	-1	-1	-1	-1	-1	-1	-1
1000 950 -1	-1	-1	0	1000	-1	1200	-1	1900	-1	-1	-1	-1	-1	-1	-1	-1	-1	-1	-1	-1	-1
-1 -1 1000 850 -1 1000 0 1150 1000 -1 -1 -1 -1 -1 -1 -1 -1 -1 -1 -1 -1 -1 -1 -1
-1 -1 -1 -1 1200 -1	1150 0 -1 900 -1 -1 -1 -1 -1 -1 -1 -1 -1 -1 -1 -1 -1 -1
-1 -1 -1 -1 -1 1200 1000 -1 0 1000 1400 1000 -1 -1 -1 -1 -1 -1 -1 -1 -1 -1 -1 -1
-1	-1	-1	-1	-1	-1	-1	900	1000	0	-1	-1	950	850	-1	-1	-1	-1	-1	-1	-1	-1	-1	-1
-1	-1	-1	-1	-1	1900	-1	-1	1400	-1	0	900	-1	-1	1300	-1	-1	-1	2600	-1	-1	-1	-1	-1
-1	-1	-1	-1	-1	-1	-1	-1	1000	-1	900	0	900	-1	-1	1000	-1	-1	-1	-1	-1	-1	-1	-1
-1	-1	-1	-1	-1	-1	-1	-1	-1	950	-1	900	0	650	-1	-1	1100	-1	-1	-1	-1	-1	-1	-1
-1	-1	-1	-1	-1	-1	-1	-1	-1	850	-1	-1	650	0	-1	-1	-1	1200	-1	-1	-1	-1	-1	-1
-1	-1	-1	-1	-1	-1	-1	-1	-1	-1	1300	-1	-1	-1	0	600	-1	-1	-1	1300	-1	-1	-1	-1
-1	-1	-1	-1	-1	-1	-1	-1	-1	-1	-1	1000	-1	-1	600	0	1000	-1	-1	-1	1000	600	-1	-1
-1	-1	-1	-1	-1	-1	-1	-1	-1	-1	-1	-1	1100	-1	-1	1000	0	600	-1	-1	-1	850	1000	-1
-1	-1	-1	-1	-1	-1	-1	-1	-1	-1	-1	-1	-1	1200	-1	-1	600	0	-1	-1	-1	-1	-1	900
-1	-1	-1	-1	-1	-1	-1	-1	-1	-1	2600	-1	-1	-1	-1	-1	-1	-1	0	1200	-1	-1	-1	-1
-1	-1	-1	-1	-1	-1	-1	-1	-1	-1	-1	-1	-1	-1	1300	-1	-1	-1	1200	0	700	-1	-1	-1
-1	-1	-1	-1	-1	-1	-1	-1	-1	-1	-1	-1	-1	-1	-1	1000	-1	-1	-1	700	0	300	-1	-1
-1	-1	-1	-1	-1	-1	-1	-1	-1	-1	-1	-1	-1	-1	-1	600	850	-1	-1	-1	300	0	600	-1
-1	-1	-1	-1	-1	-1	-1	-1	-1	-1	-1	-1	-1	-1	-1	-1	1000	-1	-1	-1	-1	600	0	900
-1	-1	-1	-1	-1	-1	-1	-1	-1	-1	-1	-1	-1	-1	-1	-1	-1	900	-1	-1	-1	-1	900	0
